# Il faut faire : [AllField[0], AllField[1], AllField[2], AllField[3], AllField[4], AllField[5], AllField[6], AllField[7], AllField[8], AllField[9]]=np.loadtxt('AllField_Res.txt')
6.900290676153105096e+01 8.450376205332077006e+01 9.618526658407012064e+01 1.062116800359632549e+02 1.152773220283428373e+02 1.236930885968968994e+02 1.316201934974505434e+02 1.391477095958128132e+02 1.463248964999868917e+02 1.531768196212495354e+02 1.597127465463173053e+02 1.659310625864259237e+02 1.718223747305130189e+02 1.773716223430083687e+02 1.825596266662858227e+02 1.873643202057468216e+02 1.917617946490152292e+02 1.957272458526862806e+02 1.992358554096805960e+02 2.022636185902881607e+02 2.047881004272744008e+02 2.067890613278973433e+02 2.082487904581078340e+02 2.091515040833294279e+02 2.105263133722679072e+02
7.155428788706176135e+01 8.835985851246152833e+01 1.012076176242557040e+02 1.123603067492091725e+02 1.225433204128973443e+02 1.320799872615060622e+02 1.411362272017125292e+02 1.498017660316583317e+02 1.581239825433015653e+02 1.661242317123301575e+02 1.738065857080370620e+02 1.811629220816544148e+02 1.881761198522897871e+02 1.948222348897142524e+02 2.010721226863606717e+02 2.068927767208730870e+02 2.122485417776365750e+02 2.171022949446240204e+02 2.214166394936740971e+02 2.251551169705206235e+02 2.282834012565353703e+02 2.307703801950067373e+02 2.325888941527157669e+02 2.337152953570443970e+02 2.352941154847668770e+02
7.437028677955959211e+01 9.268907038049513858e+01 1.069169860644795875e+02 1.194223942680029609e+02 1.309635766651774986e+02 1.418766592132746496e+02 1.523320717987339492e+02 1.624197278960730841e+02 1.721844837584092716e+02 1.816431612573018697e+02 1.907935678814868936e+02 1.996196492397564555e+02 2.080946410129548951e+02 2.161831605927899034e+02 2.238427612883538131e+02 2.310252667286277415e+02 2.376780906727963156e+02 2.437456748249924203e+02 2.491711183570988624e+02 2.538980133883994199e+02 2.578724309609064562e+02 2.610449039054119567e+02 2.633720528593372592e+02 2.648167034223253040e+02 2.666666647584501106e+02
7.755613023263924788e+01 9.768000408396230227e+01 1.135893334442689309e+02 1.277670248290622510e+02 1.410059496456279930e+02 1.536549320408432777e+02 1.658883107685134632e+02 1.777955437735938631e+02 1.894184355642848629e+02 2.007688494682199121e+02 2.118378785796210479e+02 2.226008409758342736e+02 2.330200905925761958e+02 2.430466726695480020e+02 2.526214283247275603e+02 2.616759538786077428e+02 2.701337193534796484e+02 2.779115862957405056e+02 2.849219027090000509e+02 2.910752682907840381e+02 2.962839369572709529e+02 3.004656313595403390e+02 3.035471942848753883e+02 3.054663547172420976e+02 3.076923060395074572e+02
8.130981451870209753e+01 1.036874329852768994e+02 1.217427708667977271e+02 1.380844970058520289e+02 1.535404773751978382e+02 1.684702908992565540e+02 1.830500543596233456e+02 1.973672702686802722e+02 2.114601163555743994e+02 2.253358427640526429e+02 2.389798795055680785e+02 2.523602894069395575e+02 2.654296968033138455e+02 2.781258125954524303e+02 2.903712487693800313e+02 3.020731459749381429e+02 3.131230928782559317e+02 3.233978250970517365e+02 3.327611988123398987e+02 3.410678797724475544e+02 3.481690038249566896e+02 3.539196723599941947e+02 3.581874012741124034e+02 3.608586923644381841e+02 3.636363622384515111e+02
8.602406896215521215e+01 1.114259874598074731e+02 1.324294570302822081e+02 1.517813535655358237e+02 1.703395256930938331e+02 1.884664678232846313e+02 2.063333040078332488e+02 2.240212744400499219e+02 2.415634668568712300e+02 2.589637779802628756e+02 2.762055763356868852e+02 2.932550643220998836e+02 3.100615966174948426e+02 3.265560802710214148e+02 3.426481083847950231e+02 3.582223398661518559e+02 3.731347161110514890e+02 3.872093530266787411e+02 4.002373119422121590e+02 4.119788214802814537e+02 4.221706607595326659e+02 4.305399382333712310e+02 4.368238557526771046e+02 4.407907845499781843e+02 4.444444433016489029e+02
9.253152481522511152e+01 1.224607608105597194e+02 1.479958453220498882e+02 1.720253659740673982e+02 1.954128455750775402e+02 2.184991682368437580e+02 2.414323285040542260e+02 2.642766521982753147e+02 2.870561672778043203e+02 3.097729449176105163e+02 3.324143839659862465e+02 3.549549369144431239e+02 3.773545187780167680e+02 3.995544103100830284e+02 4.214707929559143622e+02 4.429857718316650903e+02 4.639357814168859591e+02 4.840977261143549981e+02 5.031743086749026475e+02 5.207819864118852138e+02 5.364478110719282995e+02 5.496240210218414859e+02 5.597287262052986989e+02 5.662112532669469829e+02 5.714285705417605641e+02
1.028539374300287648e+02 1.407858986399847367e+02 1.745797079493885917e+02 2.071980523808962573e+02 2.394186280200647161e+02 2.714966599982249704e+02 3.035215363008638292e+02 3.355245739688484718e+02 3.675155575176657976e+02 3.994953444966967027e+02 4.314597101264598678e+02 4.633995370728728176e+02 4.952988685217129614e+02 5.271308554161823849e+02 5.588507688192642036e+02 5.903844533114222486e+02 6.216096434697712994e+02 6.523264751782866142e+02 6.822128017698157691e+02 7.107612341104145344e+02 7.372021061454993287e+02 7.604363026453098655e+02 7.790368118550675263e+02 7.914026255073720222e+02 7.999999993681374235e+02
1.238171087507767254e+02 1.807786333510093186e+02 2.347290619328469177e+02 2.881765553106410493e+02 3.415313161654585201e+02 3.948686784517159367e+02 4.482027601410950410e+02 5.015362096547848978e+02 5.548695059885401406e+02 6.082026923950393211e+02 6.615356653887022276e+02 7.148681401408305192e+02 7.681994323377753062e+02 8.215279141441791353e+02 8.748497166126269349e+02 9.281556465308140105e+02 9.814238692132280448e+02 1.034602580003611820e+03 1.087569174833162606e+03 1.140035203377814923e+03 1.191331416959036460e+03 1.239954543993481593e+03 1.282766708501996618e+03 1.314172317690649834e+03 1.333333332959004565e+03
2.154788962516964830e+02 3.756836020383497043e+02 5.356851645663369936e+02 6.956851765696336543e+02 8.556851766618513011e+02 1.015685176662559570e+03 1.175685176662565027e+03 1.335685176662565027e+03 1.495685176662565027e+03 1.655685176662565027e+03 1.815685176662547292e+03 1.975685176662547292e+03 2.135685176662546837e+03 2.295685176662522281e+03 2.455685176662406320e+03 2.615685176660836987e+03 2.775685176636162396e+03 2.935685176245324783e+03 3.095685170042809659e+03 3.255685071593945395e+03 3.415683508969175818e+03 3.575658709168398673e+03 3.735265850507353662e+03 3.889215758249182727e+03 3.999999999898497663e+03
